-4.803140306123054870e+00,-8.616600680150465763e+00
3.057398006160516601e-02,-5.917770043653783674e+00
-4.053043290166673529e+00,-6.698425139080320001e+00
8.017756006136293578e+00,5.581385098263378808e+00
5.667406699381571933e+00,-4.471917576030722152e+00
-3.722302861527730489e+00,-4.274343889486955206e+00
5.254560356456130510e-01,8.460248831332766173e-01
6.319480951912390232e+00,2.759425862899488102e+00
5.646437019982931460e+00,3.139034769474691622e+00
4.536344117144236243e+00,-4.817911025651477885e+00
9.418965649060053735e-01,-2.857120480737561419e+00
5.408518896205318782e-01,8.694493982155722112e-01
-1.189462496999538210e-01,-2.609739956881903744e+00
-4.384901059565541104e+00,-8.686996601686609587e-01
3.075120164020848090e+00,6.108594736004913983e+00
-3.723111575658783590e+00,-3.201657615086441311e+00
1.161106206450129186e+00,-4.279053557813313091e+00
4.064090473019876804e-01,-7.879705976322091132e+00
4.602700737434920697e+00,-1.665153668350177973e+00
6.316675488700449037e+00,3.770176120364398642e+00
1.064975899188766784e+00,1.303167262263709603e+00
-3.378570567264080893e-01,2.136218548053768984e+00
-1.726581608051557248e+00,-9.701670931314135160e+00
5.876208589891872336e+00,4.455500451378912707e+00
-5.575299429488153713e+00,-2.813799896426361080e+00
7.143289905026174225e+00,-3.024442331920483173e+00
4.417444399581016867e+00,6.895780484430877877e+00
-2.225966498269524863e-01,-2.585364967131801084e+00
-1.376668791293679694e+00,-8.718358698840139809e+00
6.517851563037540430e+00,5.190044446880323292e+00
-4.747894276891217125e+00,-8.567044168486653177e+00
-1.875847217732633077e+00,-2.004618443980783482e-01
-1.993895541262448168e+00,-7.499517791902757580e+00
6.732985533293637914e+00,2.556863341616113061e+00
2.037089878275124111e+00,2.788464074170072138e+00
-2.164674030151578332e+00,-1.093265296947823373e+01
5.953881378201619334e+00,-4.112994933766948691e+00
1.694135578192322189e+00,-9.735242843720287809e+00
-2.659051394271373603e+00,-8.674858211424600896e+00
-2.083294294543039271e+00,1.075389292102152172e+00
1.759285663244341880e+00,2.872496418587044964e+00
-1.831876384990186235e+00,-7.866914793364152558e+00
2.209645862954809914e-01,-9.175416108206103871e+00
6.456740668785506898e+00,3.870580498999754759e+00
7.398156515715808013e+00,5.480884067491907707e+00
5.766749809121452408e+00,5.818399988054984817e+00
5.791741945510834100e+00,2.400421090541701385e+00
-5.753168460438213838e-01,7.282515523947017400e-01
5.314857649712132037e+00,3.482317913696661549e+00
3.300561246772720558e+00,7.738114833354589273e+00
5.223440268777810314e-01,-4.775700676483151774e+00
2.128645695864705534e+00,-3.332797547982578656e+00
-1.810916470018656632e+00,-4.449990519640158126e+00
-2.660412754292935666e+00,-6.284544985918650184e+00
-1.833400502454920922e+00,2.012185400269039803e-03
-9.776487524034362941e-01,-9.027846724258125732e+00
1.927427609784232221e+00,2.641844190237170320e+00
6.348273318087045425e-01,-9.390885464691249851e+00
-2.015309636391214632e+00,-4.316503340177638925e+00
-1.801920794745510035e+00,-9.405318520552555128e+00
-1.798137617395340948e+00,-1.066534347313774767e+01
-2.130590890658318859e+00,-7.778635019141035833e+00
-5.883369853038487030e-01,-9.007031245289413235e+00
-3.625563397853299286e+00,-8.925803648331225304e+00
1.214975393372436652e-01,1.178526799446791173e+00
-1.759742477841020891e+00,-8.479953731615644585e+00
1.259605578466835185e+00,3.792764034677426732e+00
3.260997691423719758e+00,-5.179718880012013749e+00
2.875342812415339067e-01,5.605130571664536099e+00
4.885631117212006380e+00,-4.593977571359442180e+00
6.200827731188846670e+00,-7.040099827016502942e+00
5.492467400593845639e+00,-2.139283406501816476e+00
4.394281932646062927e+00,-5.948386682214586330e+00
7.061802973760990199e+00,-5.679993319296412935e+00
6.450642918506252599e+00,3.865856992284542493e+00
4.574643778462898602e+00,4.043878492323608853e+00
-1.404084677635730527e+00,-6.153570593963005209e+00
-1.822910524006674082e+00,-3.949837774841457261e+00
-5.652567264080970766e+00,-4.554052473967711734e+00
4.230329255257000654e+00,1.509680277803028936e+00
7.961941689491560226e+00,-6.978266571363035631e+00
-3.473470677125305883e+00,-9.106588047816122966e+00
5.050793286200744525e+00,-6.397481288108696873e+00
-1.478795529334191006e+00,-1.134952140301363599e+00
6.130111727972176183e+00,-3.746185019071143429e+00
3.062402112002406085e+00,-5.245311749797824774e+00
1.091046060205698609e+00,4.197349787729470094e+00
6.282433825046880305e-01,-4.530753608180440040e+00
5.973086333916286073e+00,-4.501566858213093880e+00
-1.723328977596020328e+00,-9.588680437931653699e+00
-9.952609695549239355e-01,-1.051991673889757095e+01
3.132200085095055542e+00,3.015276124246490497e+00
-2.676953137384029180e+00,-3.791636932277047567e+00
-8.188671047073092790e-01,-9.169417977213466742e+00
7.013690402589423556e+00,2.513639739041520826e+00
1.497093093197906732e+00,-1.867221580310240103e+00
-7.234556591481822174e-01,-7.935302377339696456e+00
5.730227149632828088e+00,5.832910107789460952e+00
5.825561692126952629e+00,-5.611391201583765032e+00
-1.922008871379643935e+00,3.894110693382152100e+00
8.428853279891843187e+00,3.221073598785589187e+00
-2.812964896253249414e-01,-2.502077247404705496e+00
-8.830975954966437946e-01,3.226505261456614537e+00
-3.748219592893744512e+00,-9.423394166359226887e+00
-3.188967406146411498e+00,-7.575470599027124052e+00
2.650587188851290410e+00,-5.277649038688617011e+00
6.787660000384247994e+00,1.800076915886795526e+00
-3.200132086527299524e+00,-9.586165468812756885e+00
8.378274738231658247e+00,-3.976416486038115927e+00
7.356627038989272727e+00,4.477273452494139327e+00
4.086698730036215643e-01,-2.649566064217863115e+00
-9.427851265800558656e-01,-3.032523502024470297e+00
6.257023209908433081e+00,-4.861092503670917608e+00
-2.726139275430661257e+00,-1.214533449257647746e+01
1.558806432407353171e+00,2.005394119973957334e+00
7.259864263071738044e-01,-1.863648578634706787e-01
-9.050087988691947194e-01,-7.476288415982568658e+00
-1.624069842045285927e-01,-7.338438545459457174e+00
5.247950076339628289e+00,-2.966975173434600599e+00
5.245164442043646069e-01,-1.477217088251418176e+00
-4.233642786019299109e+00,-7.914014339210026172e+00
4.103109642452799299e+00,2.436456465234233981e+00
5.263427281132880609e+00,3.236284555528746942e+00
6.687652452738728215e+00,-6.203636727453000432e+00
1.542552576817671772e-01,2.273254887270609537e+00
8.542000047895612624e-01,-1.056726086558106203e+01
1.866629272322866129e+00,1.258490243444261525e+00
7.420141703601396799e+00,-3.767506966225711462e+00
4.597113815601597153e+00,-3.660730023551737933e+00
7.243139394898789440e+00,-5.124088759571419516e+00
1.824639715215925051e+00,-2.320861241935371133e+00
4.292134012909204266e+00,-8.153181315240091820e+00
-3.818895329284366369e-02,-6.847117982533086789e+00
6.490885202857835878e+00,3.695424833931933772e+00
-5.081014054060015717e-01,-9.209845420171630437e+00
-1.319427992784987236e-01,-8.227370378309082355e+00
6.736451604281736394e+00,-3.840032730240317882e+00
7.100649111289475179e+00,4.398015058905441421e+00
5.431094712082130016e+00,-4.755615031082550459e+00
6.019049067523235763e+00,2.838600596165670176e+00
-9.614684014592835837e-01,-8.465933108111787675e+00
-1.619480034775961474e+00,-5.723593617375899001e+00
1.961633708006092380e+00,1.729933388087661950e+00
3.561363741272046468e+00,1.831172858294414896e+00
4.346098187039591387e+00,-2.832265432510499004e+00
2.140426076277478273e+00,1.501846741339192270e-01
4.744179210037475336e+00,4.047481135453493195e+00
-1.795496581019822013e+00,-6.856455416915665957e+00
9.687670056701280785e-01,-1.167045366310249577e+00
-5.039699481150972105e-01,-2.017788738079223876e+00
2.844968902616564321e+00,2.721942967240221112e+00
-8.606294065086731448e-01,-4.338062336598556001e+00
1.221509249983579126e+00,1.788807017999432425e+00
4.959064667113289859e-01,5.215079077540079489e+00
-1.059993240234500034e+00,-3.358620245679416527e+00
5.279717793724203467e+00,1.179368329697990880e+00
-3.306823772540283812e-01,-5.754173829920925520e+00
-1.977095915238578971e+00,-4.116782132849730047e+00
-2.232780139651189710e+00,1.990605676253604628e+00
6.386534448468620617e+00,4.331784523283040755e+00
1.083005821731287455e+00,1.744302621353345462e+00
1.186266661679598933e+00,1.161300581013561040e+00
4.534993581536935103e+00,5.674725027164528868e+00
1.127061586308262164e+01,-3.681575441001756488e+00
-3.313271849460488028e+00,-3.960126453495322441e+00
-2.547356240526021942e+00,-8.103169606677724346e+00
-1.331192435824682274e+00,-5.867326621163830858e+00
-9.712339258599603786e-01,-6.223162592209940058e+00
-5.009004964281230876e+00,-4.113118476351091957e+00
7.385529282437319765e+00,4.085028391495191258e+00
9.181585330280392920e-01,1.202982981051231137e+00
8.780449280589152083e-01,9.037975667926163581e-01
-3.985514644556515940e+00,-8.558003724685239177e+00
6.093229893009252329e+00,3.557239752535474420e+00
-3.077176577183464268e+00,-4.188674972868080992e+00
6.103459627920938324e+00,-4.314915571462306865e+00
5.109413169118258047e+00,-3.883399573448600872e+00
7.675659167208953804e+00,3.255863364828368578e+00
2.907478726928567347e+00,1.948014443595816880e+00
6.374336372374675985e-01,2.346041003746266895e+00
5.027975132146334403e+00,2.239193569313091103e+00
-4.017657060874338937e-01,3.182898369684516560e+00
5.042587064331175428e-01,4.861807836292024732e+00
7.057244661296673272e+00,1.572767743672312424e+00
8.201660165546040826e-01,4.787707854621899628e+00
7.169617819114040280e+00,-1.502665889052208215e+00
-5.209877624686354292e-01,2.680709661854514092e+00
3.914101579463184599e+00,-1.182812699307472570e+00
6.468307325652090434e+00,-5.458550390898325055e+00
-2.489657208567415125e-01,9.086960707045883545e-01
8.709233944912118108e-01,2.952883471916927682e+00
8.759908694801680440e+00,-1.422936369540050094e+00
5.875170466281228521e+00,5.483457475409961646e+00
-2.555067099874600789e+00,-3.354860242330879316e+00
-4.125173521192765591e+00,-9.778242162147792627e+00
4.940647986973027095e+00,-6.229421474323530106e+00
3.343454367763910806e+00,-3.524291882443572277e+00
-1.243266394521031160e+00,3.132969193005052055e+00
3.229752739669490946e+00,-5.738713105217590815e+00
4.582896339951781250e+00,-4.552126060110103012e+00
